0.2500000000000
0.2500000000000
0.2500000000000
0.2500000000000
0.2500000000000
0.2500000000000
0.2500000000000
0.2500000000000
0.2500000000000
0.2493407148648
0.2548254945666
0.2533436978626
0.2544427421265
0.2546866178254
0.2548123922434
0.2547846568720
0.2545206648480
0.2540056193802
0.2552257620191
0.2546922782393
0.2578820785988
0.2589425561311
0.2592576090519
0.2595402935711
0.2594698054369
0.2596204749401
0.2594173324112
0.2591528680422
0.2566302043351
0.2559280700162
0.2595243377406
0.2649015315268
User time: 68.972259
